PU name:       Intel(R) Xeon(R) Gold 6226 CPU @ 2.70GHz
CPU type:       Intel Cascadelake SP processor
CPU stepping:   7
********************************************************************************
Hardware Thread Topology
********************************************************************************
Sockets:                2
Cores per socket:       12
Threads per core:       2
--------------------------------------------------------------------------------
Socket 0:               ( 0 24 2 26 4 28 6 30 8 32 10 34 12 36 14 38 16 40 18 42 20 44 22 46 )
Socket 1:               ( 1 25 3 27 5 29 7 31 9 33 11 35 13 37 15 39 17 41 19 43 21 45 23 47 )
--------------------------------------------------------------------------------
********************************************************************************
Cache Topology
********************************************************************************
Level:                  1
Size:                   32 kB
Cache groups:           ( 0 24 ) ( 2 26 ) ( 4 28 ) ( 6 30 ) ( 8 32 ) ( 10 34 ) ( 12 36 ) ( 14 38 ) ( 16 40 ) ( 18 42 ) ( 20 44 ) ( 22 46 ) ( 1 25 ) ( 3 27 ) ( 5 29 ) ( 7 31 ) ( 9 33 ) ( 11 35 ) ( 13 37 ) ( 15 39 ) ( 17 41 ) ( 19 43 ) ( 21 45 ) ( 23 47 )
--------------------------------------------------------------------------------
Level:                  2
Size:                   1 MB
Cache groups:           ( 0 24 ) ( 2 26 ) ( 4 28 ) ( 6 30 ) ( 8 32 ) ( 10 34 ) ( 12 36 ) ( 14 38 ) ( 16 40 ) ( 18 42 ) ( 20 44 ) ( 22 46 ) ( 1 25 ) ( 3 27 ) ( 5 29 ) ( 7 31 ) ( 9 33 ) ( 11 35 ) ( 13 37 ) ( 15 39 ) ( 17 41 ) ( 19 43 ) ( 21 45 ) ( 23 47 )
--------------------------------------------------------------------------------
Level:                  3
Size:                   19 MB
Cache groups:           ( 0 24 2 26 4 28 6 30 8 32 10 34 12 36 14 38 16 40 18 42 20 44 22 46 ) ( 1 25 3 27 5 29 7 31 9 33 11 35 13 37 15 39 17 41 19 43 21 45 23 47 )
--------------------------------------------------------------------------------
********************************************************************************
NUMA Topology
********************************************************************************
NUMA domains:           2
--------------------------------------------------------------------------------
Domain:                 0
Processors:             ( 0 24 2 26 4 28 6 30 8 32 10 34 12 36 14 38 16 40 18 42 20 44 22 46 )
Distances:              10 21
Free memory:            118941 MB
Total memory:           128554 MB
--------------------------------------------------------------------------------
Domain:                 1
Processors:             ( 1 25 3 27 5 29 7 31 9 33 11 35 13 37 15 39 17 41 19 43 21 45 23 47 )
Distances:              21 10
Free memory:            107810 MB
Total memory:           129018 MB
--------------------------------------------------------------------------------
